x	P	S
0.0375	229559.306975	0.385226204478
0.1125	214281.859379	0.454592366109
0.1875	204893.862369	0.484862700049
0.2625	197876.214515	0.495481558778
0.3375	192291.651384	0.498340380747
0.4125	187670.662262	0.499095429193
0.4875	183724.888202	0.499388260887
0.5625	180273.30355	0.499553625654
0.6375	177198.708675	0.499662986095
0.7125	174421.565512	0.499740415249
0.7875	171885.468603	0.499797609536
0.8625	169548.945273	0.499841194673
0.9375	167380.591815	0.499875225078
1.0125	165356.04395	0.499902317484
1.0875	163456.009513	0.499924232153
1.1625	161664.945299	0.499942193724
1.2375	159970.140184	0.499957078412
1.3125	158361.063247	0.499969528239
1.3875	156828.889838	0.499980023363
1.4625	155366.150214	0.49998892936
1.5375	153966.464486	0.499996528974
1.6125	152624.339584	0.500003043957
1.6875	151335.011546	0.500008650409
1.7625	150094.321503	0.500013489755
1.8375	148898.617027	0.500017676729
1.9125	147744.672866	0.500021305279
1.9875	146629.626647	0.500024452982
2.0625	145550.926262	0.500027184395
2.1375	144506.28649	0.500029553624
2.2125	143493.652947	0.500031606321
2.2875	142511.171936	0.500033381233
2.3625	141557.165076	0.500034911439
2.4375	140630.107807	0.500036225331
2.5125	139728.611098	0.500037347392
2.5875	138851.405787	0.500038298841
2.6625	137997.329122	0.500039098143
2.7375	137165.313123	0.500039761434
2.8125	136354.374493	0.500040302871
2.8875	135563.60583	0.500040734918
2.9625	134792.167935	0.500041068588
3.0375	134039.283068	0.500041313645
3.1125	133304.22901	0.500041478769
3.1875	132586.333808	0.500041571703
3.2625	131884.97113	0.500041599372
3.3375	131199.556126	0.500041567987
3.4125	130529.541747	0.500041483132
3.4875	129874.415447	0.500041349839
3.5625	129233.696238	0.500041172656
3.6375	128606.932033	0.500040955698
3.7125	127993.69727	0.500040702702
3.7875	127393.59075	0.500040417063
3.8625	126806.233699	0.500040101875
3.9375	126231.268	0.500039759962
4.0125	125668.354598	0.500039393906
4.0875	125117.172041	0.50003900607
4.1625	124577.41516	0.500038598624
4.2375	124048.793855	0.50003817356
4.3125	123531.031997	0.50003773271
4.3875	123023.866409	0.500037277764
4.4625	122527.045949	0.500036810279
4.5375	122040.330653	0.500036331695
4.6125	121563.490956	0.500035843341
4.6875	121096.306974	0.500035346448
4.7625	120638.567844	0.500034842159
4.8375	120190.071109	0.500034331531
4.9125	119750.62216	0.500033815545
4.9875	119320.033712	0.500033295116
5.0625	118898.125327	0.500032771089
5.1375	118484.722966	0.500032244255
5.2125	118079.658575	0.500031715347
5.2875	117682.76971	0.500031185048
5.3625	117293.899176	0.500030653995
5.4375	116912.894702	0.500030122779
5.5125	116539.608636	0.500029591954
5.5875	116173.89766	0.500029062033
5.6625	115815.622529	0.500028533497
5.7375	115464.647826	0.50002800679
5.8125	115120.841734	0.500027482329
5.8875	114784.075826	0.500026960501
5.9625	114454.224868	0.500026441665
6.0375	114131.166636	0.500025926157
6.1125	113814.781746	0.500025414288
6.1875	113504.953499	0.500024906345
6.2625	113201.567729	0.500024402597
6.3375	112904.512672	0.500023903291
6.4125	112613.678834	0.500023408656
6.4875	112328.958877	0.500022918904
6.5625	112050.247508	0.500022434229
6.6375	111777.441377	0.500021954809
6.7125	111510.438982	0.500021480809
6.7875	111249.140584	0.500021012378
6.8625	110993.448123	0.500020549652
6.9375	110743.265144	0.500020092754
7.0125	110498.496727	0.500019641795
7.0875	110259.049423	0.500019196876
7.1625	110024.831193	0.500018758084
7.2375	109795.751355	0.500018325498
7.3125	109571.720531	0.500017899186
7.3875	109352.650601	0.500017479208
7.4625	109138.454659	0.500017065612
7.5375	108929.046977	0.500016658442
7.6125	108724.342961	0.500016257729
7.6875	108524.259124	0.500015863501
7.7625	108328.713054	0.500015475774
7.8375	108137.623381	0.500015094562
7.9125	107950.909757	0.500014719868
7.9875	107768.492829	0.500014351691
8.0625	107590.294221	0.500013990023
8.1375	107416.236506	0.500013634852
8.2125	107246.2432	0.50001328616
8.2875	107080.238735	0.500012943922
8.3625	106918.148451	0.500012608111
8.4375	106759.898577	0.500012278694
8.5125	106605.416225	0.500011955632
8.5875	106454.629375	0.500011638886
8.6625	106307.466863	0.500011328411
8.7375	106163.858378	0.500011024156
8.8125	106023.734449	0.500010726071
8.8875	105887.026436	0.5000104341
8.9625	105753.66653	0.500010148185
9.0375	105623.58774	0.500009868265
9.1125	105496.72389	0.500009594276
9.1875	105373.009616	0.500009326152
9.2625	105252.380355	0.500009063825
9.3375	105134.772348	0.500008807223
9.4125	105020.122629	0.500008556275
9.4875	104908.369027	0.500008310907
9.5625	104799.450157	0.500008071042
9.6375	104693.30542	0.500007836604
9.7125	104589.874999	0.500007607512
9.7875	104489.099853	0.500007383688
9.8625	104390.921717	0.500007165051
9.9375	104295.283096	0.500006951518
10.0125	104202.127264	0.500006743005
10.0875	104111.398257	0.500006539431
10.1625	104023.040874	0.500006340709
10.2375	103937.000669	0.500006146756
10.3125	103853.223951	0.500005957485
10.3875	103771.657776	0.500005772811
10.4625	103692.249947	0.500005592647
10.5375	103614.949007	0.500005416908
10.6125	103539.704238	0.500005245507
10.6875	103466.465649	0.500005078358
10.7625	103395.183982	0.500004915374
10.8375	103325.810697	0.500004756468
10.9125	103258.297972	0.500004601555
10.9875	103192.598699	0.500004450548
11.0625	103128.666472	0.500004303363
11.1375	103066.455589	0.500004159912
11.2125	103005.921039	0.500004020112
11.2875	102947.0185	0.500003883878
11.3625	102889.704331	0.500003751125
11.4375	102833.935565	0.50000362177
11.5125	102779.669903	0.500003495729
11.5875	102726.865707	0.500003372921
11.6625	102675.481989	0.500003253264
11.7375	102625.478408	0.500003136675
11.8125	102576.815261	0.500003023075
11.8875	102529.453472	0.500002912383
11.9625	102483.354589	0.500002804521
12.0375	102438.48077	0.500002699409
12.1125	102394.794778	0.50000259697
12.1875	102352.259971	0.500002497127
12.2625	102310.840294	0.500002399804
12.3375	102270.500267	0.500002304925
12.4125	102231.204981	0.500002212416
12.4875	102192.920082	0.500002122203
12.5625	102155.611768	0.500002034212
12.6375	102119.246773	0.500001948372
12.7125	102083.792363	0.50000186461
12.7875	102049.216321	0.500001782857
12.8625	102015.486941	0.500001703043
12.9375	101982.573016	0.500001625098
13.0125	101950.443827	0.500001548955
13.0875	101919.069133	0.500001474546
13.1625	101888.419163	0.500001401803
13.2375	101858.464602	0.500001330663
13.3125	101829.176583	0.500001261059
13.3875	101800.526675	0.500001192927
13.4625	101772.486872	0.500001126203
13.5375	101745.029586	0.500001060826
13.6125	101718.127629	0.500000996732
13.6875	101691.754211	0.500000933861
13.7625	101665.882923	0.500000872151
13.8375	101640.487727	0.500000811544
13.9125	101615.542948	0.500000751979
13.9875	101591.023262	0.500000693397
14.0625	101566.903683	0.500000635742
14.1375	101543.159556	0.500000578956
14.2125	101519.766544	0.500000522981
14.2875	101496.700617	0.500000467762
14.3625	101473.938043	0.500000413243
14.4375	101451.455376	0.500000359369
14.5125	101429.229446	0.500000306086
14.5875	101407.23735	0.500000253339
14.6625	101385.456438	0.500000201076
14.7375	101363.864305	0.500000149242
14.8125	101342.438783	0.500000097787
14.8875	101321.157925	0.500000046656
14.9625	101300.0	0.5
